251234 759482 -282270 572396
2866161 3374117 2729330 3697325
3999996 3520742 3980421 3524442
3988282 3516584 3980421 3524442
3005586 3018139 2727127 2959718
3413653 3519082 3980421 3524442
2900403 187208 2732772 2000000
1112429 3561166 2729330 3697325
3789925 3283328 3980421 3524442
3991533 3529053 3980421 3524442
3368119 2189371 2732772 2000000
2351157 2587083 2727127 2959718
3326196 2929990 3707954 2867627
3839244 1342691 3707954 2867627
2880363 3875503 2729330 3697325
1142859 1691416 2732772 2000000
3052449 2711719 2727127 2959718
629398 214610 -282270 572396
3614706 3924106 3980421 3524442
3999246 2876762 3707954 2867627
3848935 3020496 3707954 2867627
123637 2726215 -886690 3416197
4000000 3544014 3980421 3524442
2524955 3861248 2729330 3697325
2605475 3152151 2727127 2959718
